allocation: [1, 1, 2, 3, 1, 1, 3, 2, 1, 3, 2, 2, 3, 2, 1, 1, 1, 1, 2, 1, 3, 3, 1, 2, 2, 1, 3, 3, 3, 3, 3, 1]
start_time:[1523, 0, 113, 341, 274, 126, 148, 279, 424, 674, 469, 604, 551, 668, 877, 343, 763, 474, 770, 943, 785, 955, 1031, 928, 1110, 1206, 1101, 1195, 1338, 1389, 1453, 1521]
end_time: [1523, 113, 279, 551, 343, 274, 341, 469, 474, 785, 604, 668, 674, 770, 943, 424, 877, 763, 928, 1031, 955, 1101, 1195, 1110, 1338, 1389, 1195, 1338, 1389, 1453, 1572, 1521]
comm_penalty:[0, 0, 108, 133, 0, 71, 140, 70, 0, 0, 0, 0, 0, 0, 0, 0, 0, 145, 83, 0, 115, 0, 60, 91, 143, 73, 0, 0, 0, 0, 0, 0]
final_cost (comp_cost[i]+comm_cost[i]) :[0, 113, 166, 210, 69, 148, 193, 190, 50, 111, 135, 64, 123, 102, 66, 81, 114, 289, 158, 88, 170, 146, 164, 182, 228, 183, 94, 143, 51, 64, 119, 0]
earliest_finish_time: 1572


(0, 113, '0')	(170, 290, '6')	(177, 249, '4')	
1	(113, 187, '1')	(363, 427, '10')	(249, 302, '5')	
2	(187, 285, '2')	(427, 562, '9')	(302, 413, '8')	
3	(304, 354, '7')	(625, 700, '17')	(413, 543, '3')	
4	(354, 498, '16')	(700, 791, '22')	(543, 666, '11')	
5	(517, 649, '19')	(791, 935, '14')	(666, 791, '12')	
6	(649, 715, '13')	(935, 1064, '15')	(864, 916, '18')	
7	(783, 874, '20')	(1064, 1193, '24')	(916, 1015, '23')	
8	(874, 997, '25')			(1146, 1197, '27')	
9	(1015, 1119, '21')			(1339, 1403, '28')	
10	(1119, 1243, '26')			(1403, 1522, '29')	


